101	Top	-0.035600	0.052175	0.457200
102	Top	-0.030600	0.052175	0.457200
103	Top	-0.015300	0.052175	0.457200
104	Top	0.000000	0.052175	0.457200
105	Top	0.015300	0.052175	0.457200
106	Top	0.030600	0.052175	0.457200
107	Top	0.035600	0.052175	0.457200
108	Top	0.035600	0.044675	0.457200
109	Top	0.030600	0.044675	0.457200
110	Top	0.015300	0.044675	0.457200
111	Top	0.000000	0.044675	0.457200
112	Top	-0.015300	0.044675	0.457200
113	Top	-0.030600	0.044675	0.457200
114	Top	-0.035600	0.044675	0.457200
115	Top	0.000000	0.033500	0.457200
116	Top	0.035600	0.022325	0.457200
201	Top	0.030600	0.022325	0.457200
202	Top	0.000000	0.022325	0.457200
203	Top	-0.030600	0.022325	0.457200
204	Top	-0.035600	0.022325	0.457200
205	Top	0.000000	0.011150	0.457200
206	Top	0.035600	0.000000	0.457200
207	Top	0.030600	0.000000	0.457200
208	Top	0.022950	0.000000	0.457200
209	Top	0.015300	0.000000	0.457200
210	Top	0.000000	0.000000	0.457200
211	Top	-0.015300	0.000000	0.457200
212	Top	-0.022950	0.000000	0.457200
213	Top	-0.030600	0.000000	0.457200
214	Top	-0.035600	0.000000	0.457200
215	Top	0.000000	-0.011150	0.457200
216	Top	0.035600	-0.022325	0.457200
301	Top	0.030600	-0.022325	0.457200
302	Top	0.000000	-0.022325	0.457200
303	Top	-0.030600	-0.022325	0.457200
304	Top	-0.035600	-0.022325	0.457200
305	Top	0.000000	-0.033500	0.457200
306	Top	0.035600	-0.044675	0.457200
307	Top	0.030600	-0.044675	0.457200
308	Top	0.015300	-0.044675	0.457200
309	Top	0.000000	-0.044675	0.457200
310	Top	-0.015300	-0.044675	0.457200
311	Top	-0.030600	-0.044675	0.457200
312	Top	-0.035600	-0.044675	0.457200
313	Top	-0.035600	-0.052175	0.457200
314	Top	-0.030600	-0.052175	0.457200
315	Top	-0.015300	-0.052175	0.457200
316	Top	0.000000	-0.052175	0.457200
401	Top	0.015300	-0.052175	0.457200
402	Top	0.030600	-0.052175	0.457200
403	Top	0.035600	-0.052175	0.457200
404	South	0.038100	-0.052175	0.450975
405	South	0.038100	-0.044675	0.450975
406	South	0.038100	-0.022325	0.450975
407	South	0.038100	0.000000	0.450975
408	South	0.038100	0.022325	0.450975
409	South	0.038100	0.044675	0.450975
410	South	0.038100	0.052175	0.450975
411	East	0.035600	0.057150	0.450975
412	East	0.030600	0.057150	0.450975
413	East	0.015300	0.057150	0.450975
414	East	0.000000	0.057150	0.450975
415	East	-0.015300	0.057150	0.450975
416	East	-0.030600	0.057150	0.450975
501	East	-0.035600	0.057150	0.450975
502	North	-0.038100	0.052175	0.450975
503	North	-0.038100	0.044675	0.450975
504	North	-0.038100	0.022325	0.450975
505	North	-0.038100	0.000000	0.450975
506	North	-0.038100	-0.022325	0.450975
507	North	-0.038100	-0.044675	0.450975
508	North	-0.038100	-0.052175	0.450975
509	West	-0.035600	-0.057150	0.450975
510	West	-0.030600	-0.057150	0.450975
511	West	-0.015300	-0.057150	0.450975
512	West	0.000000	-0.057150	0.450975
513	West	0.015300	-0.057150	0.450975
514	West	0.030600	-0.057150	0.450975
515	West	0.035600	-0.057150	0.450975
516	South	0.038100	-0.052175	0.438475
601	South	0.038100	-0.044675	0.438475
602	South	0.038100	-0.022325	0.438475
603	South	0.038100	0.000000	0.438475
604	South	0.038100	0.022325	0.438475
605	South	0.038100	0.044675	0.438475
606	South	0.038100	0.052175	0.438475
607	East	0.035600	0.057150	0.438475
608	East	0.030600	0.057150	0.438475
609	East	0.015300	0.057150	0.438475
610	East	0.000000	0.057150	0.438475
611	East	-0.015300	0.057150	0.438475
612	East	-0.030600	0.057150	0.438475
613	East	-0.035600	0.057150	0.438475
614	North	-0.038100	0.052175	0.438475
615	North	-0.038100	0.044675	0.438475
616	North	-0.038100	0.022325	0.438475
701	North	-0.038100	0.000000	0.438475
702	North	-0.038100	-0.022325	0.438475
703	North	-0.038100	-0.044675	0.438475
704	North	-0.038100	-0.052175	0.438475
705	West	-0.035600	-0.057150	0.438475
706	West	-0.030600	-0.057150	0.438475
707	West	-0.015300	-0.057150	0.438475
708	West	0.000000	-0.057150	0.438475
709	West	0.015300	-0.057150	0.438475
710	West	0.030600	-0.057150	0.438475
711	West	0.035600	-0.057150	0.438475
712	South	0.038100	-0.052175	0.413475
713	South	0.038100	-0.044675	0.413475
714	South	0.038100	-0.022325	0.413475
715	South	0.038100	0.000000	0.413475
716	South	0.038100	0.022325	0.413475
801	South	0.038100	0.044675	0.413475
802	South	0.038100	0.052175	0.413475
803	South	0.038100	-0.052175	0.377250
804	South	0.038100	-0.044675	0.377250
805	South	0.038100	-0.022325	0.377250
806	South	0.038100	0.000000	0.377250
807	South	0.038100	0.022325	0.377250
808	South	0.038100	0.044675	0.377250
809	South	0.038100	0.052175	0.377250
810	South	0.038100	-0.052175	0.341025
811	South	0.038100	-0.044675	0.341025
812	South	0.038100	-0.022325	0.341025
813	South	0.038100	0.000000	0.341025
814	South	0.038100	0.022325	0.341025
815	South	0.038100	0.044675	0.341025
816	South	0.038100	0.052175	0.341025
901	South	0.038100	-0.052175	0.304800
902	South	0.038100	-0.044675	0.304800
903	South	0.038100	-0.033500	0.304800
904	South	0.038100	-0.022325	0.304800
905	South	0.038100	-0.011150	0.304800
906	South	0.038100	0.000000	0.304800
907	South	0.038100	0.011150	0.304800
908	South	0.038100	0.022325	0.304800
909	South	0.038100	0.033500	0.304800
910	South	0.038100	0.044675	0.304800
911	South	0.038100	0.052175	0.304800
912	South	0.038100	-0.052175	0.254800
913	South	0.038100	-0.044675	0.254800
914	South	0.038100	-0.022325	0.254800
915	South	0.038100	0.000000	0.254800
916	South	0.038100	0.022325	0.254800
1001	South	0.038100	0.044675	0.254800
1002	South	0.038100	0.052175	0.254800
1003	East	0.035600	0.057150	0.413475
1004	East	0.030600	0.057150	0.413475
1005	East	0.015300	0.057150	0.413475
1006	East	0.000000	0.057150	0.413475
1007	East	-0.015300	0.057150	0.413475
1008	East	-0.030600	0.057150	0.413475
1009	East	-0.035600	0.057150	0.413475
1010	East	0.035600	0.057150	0.377250
1011	East	0.030600	0.057150	0.377250
1012	East	0.015300	0.057150	0.377250
1013	East	0.000000	0.057150	0.377250
1014	East	-0.015300	0.057150	0.377250
1015	East	-0.030600	0.057150	0.377250
1016	East	-0.035600	0.057150	0.377250
1101	East	0.035600	0.057150	0.341025
1102	East	0.030600	0.057150	0.341025
1103	East	0.015300	0.057150	0.341025
1104	East	0.000000	0.057150	0.341025
1105	East	-0.015300	0.057150	0.341025
1106	East	-0.030600	0.057150	0.341025
1107	East	-0.035600	0.057150	0.341025
1108	East	0.035600	0.057150	0.304800
1109	East	0.030600	0.057150	0.304800
1110	East	0.022950	0.057150	0.304800
1111	East	0.015300	0.057150	0.304800
1112	East	0.000000	0.057150	0.304800
1113	East	-0.015300	0.057150	0.304800
1114	East	-0.022950	0.057150	0.304800
1115	East	-0.030600	0.057150	0.304800
1116	East	-0.035600	0.057150	0.304800
1201	East	0.035600	0.057150	0.254800
1202	East	0.030600	0.057150	0.254800
1203	East	0.015300	0.057150	0.254800
1204	East	0.000000	0.057150	0.254800
1205	East	-0.015300	0.057150	0.254800
1206	East	-0.030600	0.057150	0.254800
1207	East	-0.035600	0.057150	0.254800
1208	North	-0.038100	0.052175	0.413475
1209	North	-0.038100	0.044675	0.413475
1210	North	-0.038100	0.022325	0.413475
1211	North	-0.038100	0.000000	0.413475
1212	North	-0.038100	-0.022325	0.413475
1213	North	-0.038100	-0.044675	0.413475
1214	North	-0.038100	-0.052175	0.413475
1215	North	-0.038100	0.052175	0.377250
1216	North	-0.038100	0.044675	0.377250
1301	North	-0.038100	0.022325	0.377250
1302	North	-0.038100	0.000000	0.377250
1303	North	-0.038100	-0.022325	0.377250
1304	North	-0.038100	-0.044675	0.377250
1305	North	-0.038100	-0.052175	0.377250
1306	North	-0.038100	0.052175	0.341025
1307	North	-0.038100	0.044675	0.341025
1308	North	-0.038100	0.022325	0.341025
1309	North	-0.038100	0.000000	0.341025
1310	North	-0.038100	-0.022325	0.341025
1311	North	-0.038100	-0.044675	0.341025
1312	North	-0.038100	-0.052175	0.341025
1313	North	-0.038100	0.052175	0.304800
1314	North	-0.038100	0.044675	0.304800
1315	North	-0.038100	0.033500	0.304800
1316	North	-0.038100	0.022325	0.304800
1401	North	-0.038100	0.011150	0.304800
1402	North	-0.038100	0.000000	0.304800
1403	North	-0.038100	-0.011150	0.304800
1404	North	-0.038100	-0.022325	0.304800
1405	North	-0.038100	-0.033500	0.304800
1406	North	-0.038100	-0.044675	0.304800
1407	North	-0.038100	-0.052175	0.304800
1408	North	-0.038100	0.052175	0.254800
1409	North	-0.038100	0.044675	0.254800
1410	North	-0.038100	0.022325	0.254800
1411	North	-0.038100	0.000000	0.254800
1412	North	-0.038100	-0.022325	0.254800
1413	North	-0.038100	-0.044675	0.254800
1414	North	-0.038100	-0.052175	0.254800
1415	West	-0.035600	-0.057150	0.413475
1416	West	-0.030600	-0.057150	0.413475
1501	West	-0.015300	-0.057150	0.413475
1502	West	0.000000	-0.057150	0.413475
1503	West	0.015300	-0.057150	0.413475
1504	West	0.030600	-0.057150	0.413475
1505	West	0.035600	-0.057150	0.413475
1506	West	-0.035600	-0.057150	0.377250
1507	West	-0.030600	-0.057150	0.377250
1508	West	-0.015300	-0.057150	0.377250
1509	West	0.000000	-0.057150	0.377250
1510	West	0.015300	-0.057150	0.377250
1511	West	0.030600	-0.057150	0.377250
1512	West	0.035600	-0.057150	0.377250
1513	West	-0.035600	-0.057150	0.341025
1514	West	-0.030600	-0.057150	0.341025
1515	West	-0.015300	-0.057150	0.341025
1516	West	0.000000	-0.057150	0.341025
1601	West	0.015300	-0.057150	0.341025
1602	West	0.030600	-0.057150	0.341025
1603	West	0.035600	-0.057150	0.341025
1604	West	-0.035600	-0.057150	0.304800
1605	West	-0.030600	-0.057150	0.304800
1606	West	-0.022950	-0.057150	0.304800
1607	West	-0.015300	-0.057150	0.304800
1608	West	0.000000	-0.057150	0.304800
1609	West	0.015300	-0.057150	0.304800
1610	West	0.022950	-0.057150	0.304800
1611	West	0.030600	-0.057150	0.304800
1612	West	0.035600	-0.057150	0.304800
1613	West	-0.035600	-0.057150	0.254800
1614	West	-0.030600	-0.057150	0.254800
1615	West	-0.015300	-0.057150	0.254800
1616	West	0.000000	-0.057150	0.254800
1701	West	0.015300	-0.057150	0.254800
1702	West	0.030600	-0.057150	0.254800
1703	West	0.035600	-0.057150	0.254800
1704	South	0.038100	-0.052175	0.192300
1705	South	0.038100	-0.044675	0.192300
1706	South	0.038100	-0.022325	0.192300
1707	South	0.038100	0.000000	0.192300
1708	South	0.038100	0.022325	0.192300
1709	South	0.038100	0.044675	0.192300
1710	South	0.038100	0.052175	0.192300
1711	South	0.038100	-0.052175	0.129800
1712	South	0.038100	-0.044675	0.129800
1713	South	0.038100	-0.022325	0.129800
1714	South	0.038100	0.000000	0.129800
1715	South	0.038100	0.022325	0.129800
1716	South	0.038100	0.044675	0.129800
1801	South	0.038100	0.052175	0.129800
1802	South	0.038100	-0.052175	0.067300
1803	South	0.038100	-0.044675	0.067300
1804	South	0.038100	-0.022325	0.067300
1805	South	0.038100	0.000000	0.067300
1806	South	0.038100	0.022325	0.067300
1807	South	0.038100	0.044675	0.067300
1808	South	0.038100	0.052175	0.067300
1809	South	0.038100	-0.052175	0.015000
1810	South	0.038100	0.000000	0.015000
1811	South	0.038100	0.052175	0.015000
1812	South	0.038100	-0.052175	0.005000
1813	South	0.038100	0.000000	0.005000
1814	South	0.038100	0.052175	0.005000
1815	East	0.035600	0.057150	0.192300
1816	East	0.030600	0.057150	0.192300
1901	East	0.015300	0.057150	0.192300
1902	East	0.000000	0.057150	0.192300
1903	East	-0.015300	0.057150	0.192300
1904	East	-0.030600	0.057150	0.192300
1905	East	-0.035600	0.057150	0.192300
1906	East	0.035600	0.057150	0.129800
1907	East	0.030600	0.057150	0.129800
1908	East	0.015300	0.057150	0.129800
1909	East	0.000000	0.057150	0.129800
1910	East	-0.015300	0.057150	0.129800
1911	East	-0.030600	0.057150	0.129800
1912	East	-0.035600	0.057150	0.129800
1913	East	0.035600	0.057150	0.067300
1914	East	0.030600	0.057150	0.067300
1915	East	0.015300	0.057150	0.067300
1916	East	0.000000	0.057150	0.067300
2001	East	-0.015300	0.057150	0.067300
2002	East	-0.030600	0.057150	0.067300
2003	East	-0.035600	0.057150	0.067300
2004	East	0.035600	0.057150	0.015000
2005	East	0.000000	0.057150	0.015000
2006	East	-0.035600	0.057150	0.015000
2007	East	0.035600	0.057150	0.005000
2008	East	0.000000	0.057150	0.005000
2009	East	-0.035600	0.057150	0.005000
2010	North	-0.038100	0.052175	0.192300
2011	North	-0.038100	0.044675	0.192300
2012	North	-0.038100	0.022325	0.192300
2013	North	-0.038100	0.000000	0.192300
2014	North	-0.038100	-0.022325	0.192300
2015	North	-0.038100	-0.044675	0.192300
2016	North	-0.038100	-0.052175	0.192300
2101	North	-0.038100	0.052175	0.129800
2102	North	-0.038100	0.044675	0.129800
2103	North	-0.038100	0.022325	0.129800
2104	North	-0.038100	0.000000	0.129800
2105	North	-0.038100	-0.022325	0.129800
2106	North	-0.038100	-0.044675	0.129800
2107	North	-0.038100	-0.052175	0.129800
2108	North	-0.038100	0.052175	0.067300
2109	North	-0.038100	0.044675	0.067300
2110	North	-0.038100	0.022325	0.067300
2111	North	-0.038100	0.000000	0.067300
2112	North	-0.038100	-0.022325	0.067300
2113	North	-0.038100	-0.044675	0.067300
2114	North	-0.038100	-0.052175	0.067300
2115	North	-0.038100	0.052175	0.015000
2116	North	-0.038100	0.000000	0.015000
2201	North	-0.038100	-0.052175	0.015000
2202	North	-0.038100	0.052175	0.005000
2203	North	-0.038100	0.000000	0.005000
2204	North	-0.038100	-0.052175	0.005000
2205	West	-0.035600	-0.057150	0.192300
2206	West	-0.030600	-0.057150	0.192300
2207	West	-0.015300	-0.057150	0.192300
2208	West	0.000000	-0.057150	0.192300
2209	West	0.015300	-0.057150	0.192300
2210	West	0.030600	-0.057150	0.192300
2211	West	0.035600	-0.057150	0.192300
2212	West	-0.035600	-0.057150	0.129800
2213	West	-0.030600	-0.057150	0.129800
2214	West	-0.015300	-0.057150	0.129800
2215	West	0.000000	-0.057150	0.129800
2216	West	0.015300	-0.057150	0.129800
2301	West	0.030600	-0.057150	0.129800
2302	West	0.035600	-0.057150	0.129800
2303	West	-0.035600	-0.057150	0.067300
2304	West	-0.030600	-0.057150	0.067300
2305	West	-0.015300	-0.057150	0.067300
2306	West	0.000000	-0.057150	0.067300
2307	West	0.015300	-0.057150	0.067300
2308	West	0.030600	-0.057150	0.067300
2309	West	0.035600	-0.057150	0.067300
2310	West	-0.035600	-0.057150	0.015000
2311	West	0.000000	-0.057150	0.015000
2312	West	0.035600	-0.057150	0.015000
2313	West	-0.035600	-0.057150	0.005000
2314	West	0.000000	-0.057150	0.005000
2315	West	0.035600	-0.057150	0.005000
